a = 6.75575e-14 +/- 1.10875e-14
n = 4.03233 +/- 0.0227743
Chi^2 = 1.80877
probabilità del Chi^2 = 0.969662
NDF = 7
